% Intrinsic and Extrinsic Camera Parameters
%
% This script file can be directly excecuted under Matlab to recover the camera intrinsic and extrinsic parameters.
% IMPORTANT: This file contains neither the structure of the calibration objects nor the image coordinates of the calibration points.
%            All those complementary variables are saved in the complete matlab data file Calib_Results.mat.
% For more information regarding the calibration model visit http://www.vision.caltech.edu/bouguetj/calib_doc/


%-- Focal length:
fc = [ 1551.824776151403739 ; 1569.339702479166135 ];

%-- Principal point:
cc = [ 1007.355949788522821 ; 680.996114311661472 ];

%-- Skew coefficient:
alpha_c = 0.000000000000000;

%-- Distortion coefficients:
kc = [ 0.026300344977519 ; 0.160079006533201 ; 0.029095532900714 ; 0.011409914783147 ; 0.000000000000000 ];

%-- Focal length uncertainty:
fc_error = [ 17.061217856741994 ; 18.315615723422933 ];

%-- Principal point uncertainty:
cc_error = [ 16.502758687055955 ; 20.868342278395797 ];

%-- Skew coefficient uncertainty:
alpha_c_error = 0.000000000000000;

%-- Distortion coefficients uncertainty:
kc_error = [ 0.023829558813942 ; 0.049904226217562 ; 0.004706687738626 ; 0.002996988222029 ; 0.000000000000000 ];

%-- Image size:
nx = 1920;
ny = 1080;


%-- Various other variables (may be ignored if you do not use the Matlab Calibration Toolbox):
%-- Those variables are used to control which intrinsic parameters should be optimized

n_ima = 25;						% Number of calibration images
est_fc = [ 1 ; 1 ];					% Estimation indicator of the two focal variables
est_aspect_ratio = 1;				% Estimation indicator of the aspect ratio fc(2)/fc(1)
center_optim = 1;					% Estimation indicator of the principal point
est_alpha = 0;						% Estimation indicator of the skew coefficient
est_dist = [ 1 ; 1 ; 1 ; 1 ; 0 ];	% Estimation indicator of the distortion coefficients


%-- Extrinsic parameters:
%-- The rotation (omc_kk) and the translation (Tc_kk) vectors for every calibration image and their uncertainties

%-- Image #1:
omc_1 = [ 3.869601e-01 ; 2.738639e+00 ; 2.243013e-01 ];
Tc_1  = [ -1.766976e+02 ; -2.873519e+02 ; 7.743582e+02 ];
omc_error_1 = [ 2.395432e-03 ; 1.415454e-02 ; 1.653549e-02 ];
Tc_error_1  = [ 8.821808e+00 ; 1.066215e+01 ; 7.539150e+00 ];

%-- Image #2:
omc_2 = [ -2.155816e+00 ; 1.793298e+00 ; -2.931927e-02 ];
Tc_2  = [ 4.760030e+01 ; -4.942310e+01 ; 8.974416e+02 ];
omc_error_2 = [ 8.890816e-03 ; 6.273697e-03 ; 1.689477e-02 ];
Tc_error_2  = [ 9.533806e+00 ; 1.192828e+01 ; 9.227615e+00 ];

%-- Image #3:
omc_3 = [ -1.720012e+00 ; 1.951093e+00 ; 7.444995e-01 ];
Tc_3  = [ 4.676750e+01 ; -3.888240e+01 ; 1.036478e+03 ];
omc_error_3 = [ 6.815384e-03 ; 1.200505e-02 ; 1.415841e-02 ];
Tc_error_3  = [ 1.105373e+01 ; 1.376281e+01 ; 1.059685e+01 ];

%-- Image #4:
omc_4 = [ 2.574137e+00 ; -1.667580e+00 ; 7.121132e-01 ];
Tc_4  = [ 5.834716e+01 ; -7.640782e+01 ; 9.177123e+02 ];
omc_error_4 = [ 8.445964e-03 ; 1.094143e-02 ; 1.751489e-02 ];
Tc_error_4  = [ 9.815131e+00 ; 1.232026e+01 ; 9.697876e+00 ];

%-- Image #5:
omc_5 = [ -1.678373e+00 ; 2.093115e+00 ; 4.275664e-01 ];
Tc_5  = [ 4.082372e+01 ; -1.305627e+02 ; 1.261021e+03 ];
omc_error_5 = [ 7.102601e-03 ; 1.050567e-02 ; 1.601351e-02 ];
Tc_error_5  = [ 1.351778e+01 ; 1.683532e+01 ; 1.285652e+01 ];

%-- Image #6:
omc_6 = [ -1.888979e+00 ; 1.404487e+00 ; 3.506152e-01 ];
Tc_6  = [ 5.313255e+01 ; -5.457185e+01 ; 9.038973e+02 ];
omc_error_6 = [ 9.630954e-03 ; 8.736521e-03 ; 1.146710e-02 ];
Tc_error_6  = [ 9.614883e+00 ; 1.201278e+01 ; 8.917164e+00 ];

%-- Image #7:
omc_7 = [ -8.830113e-01 ; 2.690852e+00 ; 6.135417e-01 ];
Tc_7  = [ 5.875596e+01 ; -1.900832e+02 ; 1.326243e+03 ];
omc_error_7 = [ 4.009539e-03 ; 1.180654e-02 ; 1.908158e-02 ];
Tc_error_7  = [ 1.428423e+01 ; 1.775129e+01 ; 1.373835e+01 ];

%-- Image #8:
omc_8 = [ -2.708997e+00 ; 1.015477e+00 ; 3.200381e-02 ];
Tc_8  = [ 7.553633e+01 ; -9.092312e+01 ; 9.346228e+02 ];
omc_error_8 = [ 1.297099e-02 ; 4.463932e-03 ; 2.175533e-02 ];
Tc_error_8  = [ 1.004021e+01 ; 1.245163e+01 ; 9.509657e+00 ];

%-- Image #9:
omc_9 = [ -1.832471e+00 ; 1.902637e+00 ; 5.213736e-01 ];
Tc_9  = [ 4.968688e+01 ; -8.432935e+01 ; 8.913891e+02 ];
omc_error_9 = [ 7.227343e-03 ; 1.027375e-02 ; 1.370793e-02 ];
Tc_error_9  = [ 9.543624e+00 ; 1.187415e+01 ; 9.017839e+00 ];

%-- Image #10:
omc_10 = [ -2.500956e+00 ; 1.233071e+00 ; -4.003636e-01 ];
Tc_10  = [ 3.210178e+01 ; -8.918752e+01 ; 9.711499e+02 ];
omc_error_10 = [ 1.175885e-02 ; 2.839533e-03 ; 1.586711e-02 ];
Tc_error_10  = [ 1.037096e+01 ; 1.299511e+01 ; 9.966288e+00 ];

%-- Image #11:
omc_11 = [ -2.148708e+00 ; 1.812844e+00 ; -6.879251e-02 ];
Tc_11  = [ 2.278593e+01 ; -8.271556e+01 ; 1.288280e+03 ];
omc_error_11 = [ 1.086858e-02 ; 8.128906e-03 ; 2.091218e-02 ];
Tc_error_11  = [ 1.373624e+01 ; 1.716080e+01 ; 1.321169e+01 ];

%-- Image #12:
omc_12 = [ -2.531121e+00 ; -4.493693e-01 ; -7.046838e-01 ];
Tc_12  = [ -1.077648e+02 ; -8.034620e+01 ; 1.331034e+03 ];
omc_error_12 = [ 1.209363e-02 ; 6.296517e-03 ; 1.341873e-02 ];
Tc_error_12  = [ 1.430205e+01 ; 1.784876e+01 ; 1.395867e+01 ];

%-- Image #13:
omc_13 = [ -2.130800e+00 ; 1.501161e+00 ; -3.941994e-02 ];
Tc_13  = [ 2.961239e+01 ; -4.566674e+01 ; 1.198144e+03 ];
omc_error_13 = [ 1.012728e-02 ; 6.565705e-03 ; 1.441135e-02 ];
Tc_error_13  = [ 1.273912e+01 ; 1.593874e+01 ; 1.234935e+01 ];

%-- Image #14:
omc_14 = [ 2.074769e+00 ; -2.269207e+00 ; 1.768057e-01 ];
Tc_14  = [ 2.109978e+01 ; -1.179925e+02 ; 1.171579e+03 ];
omc_error_14 = [ 1.043140e-02 ; 1.342212e-02 ; 2.272862e-02 ];
Tc_error_14  = [ 1.260600e+01 ; 1.577086e+01 ; 1.283052e+01 ];

%-- Image #15:
omc_15 = [ -2.392496e+00 ; -3.886018e-02 ; -6.181474e-02 ];
Tc_15  = [ -1.178560e+02 ; -1.122069e+02 ; 1.277889e+03 ];
omc_error_15 = [ 1.267556e-02 ; 4.509007e-03 ; 1.196401e-02 ];
Tc_error_15  = [ 1.368807e+01 ; 1.713579e+01 ; 1.237722e+01 ];

%-- Image #16:
omc_16 = [ -2.596190e+00 ; 9.295332e-02 ; -6.276689e-03 ];
Tc_16  = [ -1.634469e+02 ; -5.221369e+01 ; 1.205350e+03 ];
omc_error_16 = [ 1.328989e-02 ; 3.922041e-03 ; 1.311507e-02 ];
Tc_error_16  = [ 1.287294e+01 ; 1.619964e+01 ; 1.197080e+01 ];

%-- Image #17:
omc_17 = [ -1.881545e+00 ; -1.600325e+00 ; -2.845693e-01 ];
Tc_17  = [ -1.416476e+02 ; -1.735967e+02 ; 1.143273e+03 ];
omc_error_17 = [ 1.034922e-02 ; 7.589298e-03 ; 1.521533e-02 ];
Tc_error_17  = [ 1.226546e+01 ; 1.533018e+01 ; 1.070445e+01 ];

%-- Image #18:
omc_18 = [ -1.192993e+00 ; 2.597074e+00 ; 3.985904e-01 ];
Tc_18  = [ 1.121369e+02 ; -2.637046e+02 ; 1.219056e+03 ];
omc_error_18 = [ 6.991359e-03 ; 1.233551e-02 ; 2.197577e-02 ];
Tc_error_18  = [ 1.321531e+01 ; 1.647388e+01 ; 1.269227e+01 ];

%-- Image #19:
omc_19 = [ -1.660024e+00 ; -1.848701e+00 ; -1.118955e+00 ];
Tc_19  = [ -1.277257e+02 ; -1.267169e+02 ; 1.134086e+03 ];
omc_error_19 = [ 8.682423e-03 ; 1.155237e-02 ; 1.475333e-02 ];
Tc_error_19  = [ 1.222798e+01 ; 1.529884e+01 ; 1.204332e+01 ];

%-- Image #20:
omc_20 = [ -1.753159e+00 ; -2.117414e+00 ; -8.420592e-01 ];
Tc_20  = [ -1.694609e+02 ; -1.313880e+02 ; 1.342508e+03 ];
omc_error_20 = [ 8.120704e-03 ; 1.138359e-02 ; 1.645476e-02 ];
Tc_error_20  = [ 1.444944e+01 ; 1.808820e+01 ; 1.402810e+01 ];

%-- Image #21:
omc_21 = [ -1.000713e+00 ; 2.643802e+00 ; 9.665833e-01 ];
Tc_21  = [ 9.075860e+01 ; -1.491977e+02 ; 1.060004e+03 ];
omc_error_21 = [ 3.550352e-03 ; 1.329364e-02 ; 1.678098e-02 ];
Tc_error_21  = [ 1.144374e+01 ; 1.415697e+01 ; 1.105202e+01 ];

%-- Image #22:
omc_22 = [ -2.057194e+00 ; 1.341240e+00 ; -1.300353e-01 ];
Tc_22  = [ -3.726027e+01 ; -9.427595e+01 ; 1.064132e+03 ];
omc_error_22 = [ 1.016023e-02 ; 5.982445e-03 ; 1.257867e-02 ];
Tc_error_22  = [ 1.140862e+01 ; 1.422746e+01 ; 1.054273e+01 ];

%-- Image #23:
omc_23 = [ 1.904339e+00 ; 1.617947e+00 ; 1.282010e+00 ];
Tc_23  = [ -3.890651e+02 ; -1.749486e+02 ; 1.126757e+03 ];
omc_error_23 = [ 1.058465e-02 ; 6.577236e-03 ; 1.573617e-02 ];
Tc_error_23  = [ 1.263885e+01 ; 1.572273e+01 ; 1.243330e+01 ];

%-- Image #24:
